1.0000000000  0.0000000000  1.0000000000  0.0000000000  1.0000000000  0.0000000000  1.0000000000  0.0000000000  1
0.9848077530  0.1736481777  0.9396926208  0.3420201433  0.8660254038  0.5000000000  0.7660444431  0.6427876097  1
0.9396926208  0.3420201433  0.7660444431  0.6427876097  0.5000000000  0.8660254038  0.1736481777  0.9848077530  1
0.8660254038  0.5000000000  0.5000000000  0.8660254038  0.0000000000  1.0000000000  -0.5000000000 0.8660254038  1
0.7660444431  0.6427876097  0.1736481777  0.9848077530  -0.5000000000 0.8660254038  -0.9396926208 0.3420201433  1
0.6427876097  0.7660444431  -0.1736481777 0.9848077530  -0.8660254038 0.5000000000  -0.9396926208 -0.3420201433 1
0.5000000000  0.8660254038  -0.5000000000 0.8660254038  -1.0000000000 0.0000000000  -0.5000000000 -0.8660254038 1
0.3420201433  0.9396926208  -0.7660444431 0.6427876097  -0.8660254038 -0.5000000000 0.1736481777  -0.9848077530 1
0.1736481777  0.9848077530  -0.9396926208 0.3420201433  -0.5000000000 -0.8660254038 0.7660444431  -0.6427876097 1
0.0000000000  1.0000000000  -1.0000000000 0.0000000000  -0.0000000000 -1.0000000000 1.0000000000  -0.0000000000 1
-0.1736481777 0.9848077530  -0.9396926208 -0.3420201433 0.5000000000  -0.8660254038 0.7660444431  0.6427876097  1
-0.3420201433 0.9396926208  -0.7660444431 -0.6427876097 0.8660254038  -0.5000000000 0.1736481777  0.9848077530  1
-0.5000000000 0.8660254038  -0.5000000000 -0.8660254038 1.0000000000  -0.0000000000 -0.5000000000 0.8660254038  1
-0.6427876097 0.7660444431  -0.1736481777 -0.9848077530 0.8660254038  0.5000000000  -0.9396926208 0.3420201433  1
-0.7660444431 0.6427876097  0.1736481777  -0.9848077530 0.5000000000  0.8660254038  -0.9396926208 -0.3420201433 1
-0.8660254038 0.5000000000  0.5000000000  -0.8660254038 0.0000000000  1.0000000000  -0.5000000000 -0.8660254038 1
-0.9396926208 0.3420201433  0.7660444431  -0.6427876097 -0.5000000000 0.8660254038  0.1736481777  -0.9848077530 1
-0.9848077530 0.1736481777  0.9396926208  -0.3420201433 -0.8660254038 0.5000000000  0.7660444431  -0.6427876097 1
-1.0000000000 0.0000000000  1.0000000000  -0.0000000000 -1.0000000000 0.0000000000  1.0000000000  -0.0000000000 1
-0.9848077530 -0.1736481777 0.9396926208  0.3420201433  -0.8660254038 -0.5000000000 0.7660444431  0.6427876097  1
-0.9396926208 -0.3420201433 0.7660444431  0.6427876097  -0.5000000000 -0.8660254038 0.1736481777  0.9848077530  1
-0.8660254038 -0.5000000000 0.5000000000  0.8660254038  -0.0000000000 -1.0000000000 -0.5000000000 0.8660254038  1
-0.7660444431 -0.6427876097 0.1736481777  0.9848077530  0.5000000000  -0.8660254038 -0.9396926208 0.3420201433  1
-0.6427876097 -0.7660444431 -0.1736481777 0.9848077530  0.8660254038  -0.5000000000 -0.9396926208 -0.3420201433 1
-0.5000000000 -0.8660254038 -0.5000000000 0.8660254038  1.0000000000  -0.0000000000 -0.5000000000 -0.8660254038 1
-0.3420201433 -0.9396926208 -0.7660444431 0.6427876097  0.8660254038  0.5000000000  0.1736481777  -0.9848077530 1
-0.1736481777 -0.9848077530 -0.9396926208 0.3420201433  0.5000000000  0.8660254038  0.7660444431  -0.6427876097 1
-0.0000000000 -1.0000000000 -1.0000000000 0.0000000000  0.0000000000  1.0000000000  1.0000000000  -0.0000000000 1
0.1736481777  -0.9848077530 -0.9396926208 -0.3420201433 -0.5000000000 0.8660254038  0.7660444431  0.6427876097  1
0.3420201433  -0.9396926208 -0.7660444431 -0.6427876097 -0.8660254038 0.5000000000  0.1736481777  0.9848077530  1
0.5000000000  -0.8660254038 -0.5000000000 -0.8660254038 -1.0000000000 0.0000000000  -0.5000000000 0.8660254038  1
0.6427876097  -0.7660444431 -0.1736481777 -0.9848077530 -0.8660254038 -0.5000000000 -0.9396926208 0.3420201433  1
0.7660444431  -0.6427876097 0.1736481777  -0.9848077530 -0.5000000000 -0.8660254038 -0.9396926208 -0.3420201433 1
0.8660254038  -0.5000000000 0.5000000000  -0.8660254038 -0.0000000000 -1.0000000000 -0.5000000000 -0.8660254038 1
0.9396926208  -0.3420201433 0.7660444431  -0.6427876097 0.5000000000  -0.8660254038 0.1736481777  -0.9848077530 1
0.9848077530  -0.1736481777 0.9396926208  -0.3420201433 0.8660254038  -0.5000000000 0.7660444431  -0.6427876097 1
